ets Jun  8 2016 00:22:57

rst:0x1 (POWERON_RESET),boot:0x13 (SPI_FAST_FLASH_BOOT)
configsip: 0, SPIWP:0xee
clk_drv:0x00,q_drv:0x00,d_drv:0x00,cs0_drv:0x00,hd_drv:0x00,wp_drv:0x00
mode:DIO, clock div:1
load:0x3fff0030,len:1344
load:0x40078000,len:13924
ho 0 tail 12 room 4
load:0x40080400,len:3600
entry 0x400805f0
press any key to start

# ready
v 267.02 309.44 109.22
v 221.03 310.08 101.72
v 185.96 317.88 98.35
v 152.23 323.67 95.50
v 123.04 334.84 95.25
v 94.71 347.91 96.28
v 64.02 354.85 96.28
v 32.01 354.32 94.99
v 0.76 352.87 94.21
v -30.00 348.70 93.43
v -59.60 337.06 91.36
v -83.72 302.04 83.60
v -87.73 211.49 60.82
v -88.65 155.84 47.36
v -83.52 108.13 35.72
v 262.21 304.63 70.68
v 239.72 332.36 72.06
v 201.94 340.70 69.63
v 162.61 341.65 66.51
v 125.97 341.13 63.90
v 94.41 347.11 63.21
v 62.78 350.21 62.51
v 31.16 349.50 61.65
v 0.24 346.97 60.95
v -30.00 343.70 60.60
v -59.75 338.79 60.43
v -87.00 320.66 58.35
v -98.05 250.02 47.06
v -96.57 177.60 35.25
v -88.37 118.52 25.53
v 259.14 301.57 34.69
v 249.16 343.61 37.04
v 206.27 346.89 35.21
v 164.79 345.43 33.38
v 127.32 344.03 31.99
v 94.47 347.26 31.38
v 62.04 347.44 30.77
v 30.83 347.60 30.42
v 0.42 348.96 30.42
v -30.00 343.69 30.07
v -59.84 339.76 30.07
v -88.01 326.39 29.46
v -101.43 262.63 24.49
v -100.42 188.20 18.48
v -88.66 119.14 12.72
v 332.34 374.77 0.00
v 298.41 402.31 0.00
v 214.61 358.79 0.00
v 165.52 346.69 0.00
v 124.11 337.14 0.00
v 88.10 329.76 0.00
v 50.74 305.27 0.00
v 19.77 284.89 0.00
v -4.70 290.51 0.00
v -30.00 301.00 0.00
v -57.51 313.18 0.00
v -84.59 306.97 0.00
v -93.16 231.79 0.00
v -94.54 172.04 0.00
v -89.31 120.55 0.00
v 331.00 373.42 -43.58
v 297.19 400.85 -43.58
v 261.12 425.22 -43.58
v 223.07 446.36 -43.58


v -87.73 211.49 60.82
v -88.65 155.84 47.36
v -83.52 108.13 35.72
v 262.21 304.63 70.68
v 239.72 332.36 72.06
v 201.94 340.70 69.63
v 162.61 341.65 66.51
v 125.97 341.13 63.90
v 94.41 347.11 63.21
v 62.78 350.21 62.51
v 31.16 349.50 61.65
v 0.24 346.97 60.95
v -30.00 343.70 60.60
v -59.75 338.79 60.43
v -87.00 320.66 58.35
v -98.05 250.02 47.06
v -96.57 177.60 35.25
v -88.37 118.52 25.53
v 259.14 301.57 34.69
v 249.16 343.61 37.04
v 206.27 346.89 35.21
v 164.79 345.43 33.38
v 127.32 344.03 31.99
v 94.47 347.26 31.38
v 62.04 347.44 30.77
v 30.83 347.60 30.42
v 0.42 348.96 30.42
v -30.00 343.69 30.07
v -59.84 339.76 30.07
v -88.01 326.39 29.46
v -101.43 262.63 24.49
v -100.42 188.20 18.48
v -88.66 119.14 12.72
v 332.34 374.77 0.00
v 298.41 402.31 0.00
v 214.61 358.79 0.00
v 165.52 346.69 0.00
v 124.11 337.14 0.00
v 88.10 329.76 0.00
v 50.74 305.27 0.00
v 19.77 284.89 0.00
v -4.70 290.51 0.00
v -30.00 301.00 0.00
v -57.51 313.18 0.00
v -84.59 306.97 0.00
v -93.16 231.79 0.00
v -94.54 172.04 0.00
v -89.31 120.55 0.00
v 331.00 373.42 -43.58
v 297.19 400.85 -43.58
v 261.12 425.22 -43.58
v 223.07 446.36 -43.58
v 183.32 464.11 -43.58
v 142.17 478.32 -43.58
v 99.94 488.89 -43.58
v 56.95 495.74 -43.58
v 13.53 498.82 -43.58
v -30.00 498.10 -43.58
v -73.30 493.59 -43.58
v -96.14 372.50 -33.55
v -90.86 223.18 -20.92
v -92.93 167.60 -16.56
v -88.66 119.14 -12.72
v 326.97 369.40 -86.82
v 293.53 396.49 -86.82
v 257.86 420.56 -86.82
v 220.22 441.43 -86.82
v 180.91 458.95 -86.82
v 140.22 472.97 -86.82
v 98.47 483.39 -86.82
v 55.96 490.13 -86.82
v 13.03 493.14 -86.82
v -30.00 492.40 -86.82
v -72.80 487.92 -86.82
v -96.24 373.03 -67.72
v -88.88 215.78 -40.81
v -92.19 165.57 -32.99
v -89.62 121.20 -26.05
v 53.92 96.34 -28.47
v 55.87 113.26 -32.87
v 47.45 120.07 -33.65
v 40.67 130.44 -35.72
v 32.82 141.37 -38.05
v 21.03 145.50 -38.56
v 22.02 198.10 -52.80
v 54.32 480.84 -129.41
v 12.21 483.74 -129.41
v -30.00 482.96 -129.41
v -71.98 478.51 -129.41
v -85.06 309.65 -85.67
v -87.98 212.43 -61.08
v -91.95 164.92 -49.95
v -88.01 117.76 -38.56
v 10.68 53.11 -16.42


v -90.22 160.16 -66.01
v -86.36 114.22 -50.96
v 9.55 51.97 -20.29
v 10.81 59.55 -24.51
v 8.18 63.98 -26.62
v 3.47 66.02 -27.47
v -1.14 68.53 -28.74
v -6.49 69.88 -29.58
v -11.62 72.55 -31.27
v -17.58 73.04 -32.12
v -23.80 72.13 -32.54
v -30.00 79.76 -37.19
v -37.39 83.16 -40.15
v -49.37 107.25 -53.25
v -70.73 148.06 -75.23
v -85.54 147.30 -78.18
v -82.73 106.42 -61.28
v 7.57 49.99 -23.50
v 7.08 55.11 -27.00
v 3.74 57.64 -28.50
v -0.43 59.25 -29.50
v -3.77 62.91 -32.00
v -8.64 63.97 -33.00
v -13.29 66.32 -35.00
v -17.96 70.88 -38.50
v -23.85 71.63 -40.00
v -30.00 74.48 -43.00
v -36.23 69.85 -42.00
v -44.88 81.78 -51.00
v -60.13 108.51 -69.50
v -76.17 121.57 -81.00
v -78.43 97.21 -70.00
v 3.69 46.12 -24.66
v 5.98 53.80 -31.55
v 4.09 58.14 -34.99
v 0.64 61.11 -37.28
v -3.30 63.90 -39.58
v -8.30 64.91 -40.72
v -13.29 66.32 -42.44
v -18.31 68.94 -45.31
v -24.17 67.90 -45.89
v -30.00 67.17 -47.03
v -36.24 70.01 -51.05
v -43.34 73.04 -55.64
v -55.06 89.56 -70.55
v -68.81 101.35 -83.17
v -73.92 87.55 -77.43
v 4.25 46.67 -30.21
v 13.95 63.30 -48.21
v 12.33 69.92 -53.99
v 10.41 78.02 -61.06
v 5.51 82.80 -64.92
v -1.73 82.97 -64.92
v -9.35 81.02 -63.64
v -16.77 77.63 -61.71
v -23.54 75.11 -61.06
v -30.00 67.41 -56.57
v -35.76 64.54 -56.57
v -42.45 67.97 -62.35
v -52.57 80.29 -76.49
v -62.78 84.76 -84.85
v -67.33 73.41 -79.71
f 1 2 17 16
f 2 3 18 17
f 3 4 19 18
f 4 5 20 19
f 5 6 21 20
f 6 7 22 21
f 7 8 23 22
f 8 9 24 23
f 9 10 25 24
f 10 11 26 25
f 11 12 27 26
f 12 13 28 27
f 13 14 29 28
f 14 15 30 29
f 16 17 32 31
f 17 18 33 32
f 18 19 34 33
f 19 20 35 34
f 20 21 36 35
f 21 22 37 36
f 22 23 38 37
f 23 24 39 38
f 24 25 40 39
f 25 26 41 40
f 26 27 42 41
f 27 28 43 42
f 28 29 44 43
f 29 30 45 44
f 31 32 47 46
f 32 33 48 47
f 33 34 49 48
f 34 35 50 49
f 35 36 51 50
f 36 37 52 51
f 37 38 53 52
f 38 39 54 53
f 39 40 55 54
f 40 41 56 55
f 41 42 57 56
f 42 43 58 57
f 43 44 59 58
f 44 45 60 59
f 46 47 62 61
f 47 48 63 62
f 48 49 64 63
f 49 50 65 64
f 50 51 66 65
f 51 52 67 66
f 37 38 53 52
f 38 39 54 53
f 39 40 55 54
f 40 41 56 55
f 41 42 57 56
f 42 43 58 57
f 43 44 59 58
f 44 45 60 59
f 46 47 62 61
f 47 48 63 62
f 48 49 64 63
f 49 50 65 64
f 50 51 66 65
f 51 52 67 66
f 52 53 68 67
f 53 54 69 68
f 54 55 70 69
f 55 56 71 70
f 56 57 72 71
f 57 58 73 72
f 58 59 74 73
f 59 60 75 74
f 61 62 77 76
f 62 63 78 77
f 63 64 79 78
f 64 65 80 79
f 65 66 81 80
f 66 67 82 81
f 67 68 83 82
f 68 69 84 83
f 69 70 85 84
f 70 71 86 85
f 71 72 87 86
f 72 73 88 87
f 73 74 89 88
f 74 75 90 89
f 76 77 92 91
f 77 78 93 92
f 78 79 94 93
f 79 80 95 94
f 80 81 96 95
f 81 82 97 96
f 82 83 98 97
f 83 84 99 98
f 84 85 100 99
f 85 86 101 100
f 86 87 102 101
f 87 88 103 102
f 88 89 104 103
f 89 90 105 104
f 91 92 107 106
f 92 93 108 107
f 93 94 109 108
f 94 95 110 109
f 95 96 111 110
f 96 97 112 111
f 97 98 113 112
f 98 99 114 113
f 99 100 115 114
f 100 101 116 115
f 101 102 117 116
f 102 103 118 117
f 103 104 119 118
f 104 105 120 119
f 106 107 122 121
f 107 108 123 122
f 108 109 124 123
f 109 110 125 124
f 110 111 126 125
f 111 112 127 126
f 112 113 128 127
f 113 114 129 128
f 114 115 130 129
f 115 116 131 130
f 116 117 132 131
f 117 118 133 132
f 118 119 134 133
f 119 120 135 134
f 121 122 137 136
f 122 123 138 137
f 123 124 139 138
f 124 125 140 139
f 125 126 141 140
f 126 127 142 141
f 127 128 143 142
f 128 129 144 143
f 129 130 145 144
f 130 131 146 145
f 131 132 147 146
f 132 133 148 147
f 133 134 149 148
f 134 135 150 149
f 136 137 152 151
f 137 138 153 152
f 138 139 154 153
f 139 140 155 154
f 140 141 156 155
f 141 142 157 156
f 142 143 158 157
f 143 144 159 158
f 144 145 160 159
f 145 146 161 160
f 146 147 162 161
f 147 148 163 162
f 148 149 164 163
f 149 150 165 164
f 151 152 167 166
f 152 153 168 167
f 153 154 169 168
f 154 155 170 169
f 155 156 171 170
f 156 157 172 171
f 157 158 173 172
f 158 159 174 173
f 159 160 175 174
f 160 161 176 175
f 161 162 177 176
f 162 163 178 177
f 163 164 179 178
f 164 165 180 179
# end

